canvas 145 50 410 220
shape disk1 rectangle
shape disk2 rectangle
shape disk3 rectangle
motion disk1 1 190 180 20 30 0 49 90 0  1 190 180 20 30 0 49 90 0
motion disk1 1 190 180 20 30 0 49 90 0 25 190 180 20 30 0 49 90 90
motion disk2 1 167 210 65 30 6 247 41 0 1 167 210 65 30 6 247 41 0
motion disk2 1 167 210 65 30 6 247 41 0 57 167 210 65 30 6 247 41 90
motion disk3 1 145 240 110 30 11 45 175 0 1 145 240 110 30 11 45 175 0 
motion disk3 1 145 240 110 30 11 45 175 0 121 145 240 110 30 11 45 175 270
