canvas 145 50 410 220
shape disk1 rectangle
shape disk2 rectangle
shape disk3 rectangle
motion disk1 1 100 100 20 30 0 49 90 0  1 100 100 20 30 0 49 90 0
motion disk1 1 100 100 20 30 0 49 90 0 25 100 100 20 30 0 100 100 100
motion disk2 1 150 210 65 30 6 247 41 0 1 150 210 65 30 6 247 41 0
motion disk2 1 150 210 65 30 6 247 41 0 57 150 210 30 165 6 247 41 90
motion disk3 1 300 85 110 30 11 45 175 0 1 300 85 110 30 11 45 175 0 
motion disk3 1 300 85 110 30 11 45 175 0 21 150 65 110 30 11 45 175 270
